Student: Cristhian Andres Quiza - MUIGG

 Practice 1
Steps
Sensor Georeferencing Report
=======================================

0. Input Data
-------------------
E-frame geodetic coordinates:
REC2: [39, 28, 53.133637, 'N', 0, 20, 7.650964, 'W', 55.867]
REC3: [39, 28, 53.109885, 'N', 0, 20, 7.663129, 'W', 55.829]
REC4: [39, 28, 53.143535, 'N', 0, 20, 7.680928, 'W', 55.883]
REC5: [39, 28, 53.119474, 'N', 0, 20, 7.693816, 'W', 55.866]

B-frame coordinates:
REC2: [0.4, -0.4, -0.015]
REC3: [0.4, 0.4, -0.015]
REC4: [-0.4, -0.4, -0.015]
REC5: [-0.4, 0.4, -0.015]

B-frame angles:
PLA:[0.0, 0.0, 0.0]
INS:[0.263568, -0.437974, 2.869214]
REC2:[0.0, 0.0, 0.0]
REC3:[0.0, 0.0, 0.0]
REC4:[0.0, 0.0, 0.0]
REC5:[0.0, 0.0, 0.0]
CAM1:[0.196543, 0.541674, -1.355847]
CAM2:[-0.287495, 0.426588, 1.128792]

INS orientation:
roll: 1.195278
pitch: -1.189671
yaw: 111.269874

Ellipsoid: GRS80
Origin: barycenter
Magnetic declination: -0.7
Geoid undulation: 50.019

1. Ellipsoid Data
-----------------------
ellipsoid: GRS80
semi-major_axis: 6378137.0
semi-minor_axis: 6356752.314140356
inverse_flattening (1/f): 298.2572221010041
flattening (f): 0.0033528106811822724
first_eccentricity: 0.08181919104281517
second_eccentricity: 0.08209443815191657
eccentricity_squared: 0.006694380022900695

2. Decimal Geodetic Coordinates
-----------------------------------
REC2: [39.48142601027778, -0.3354586011111111, 55.867]
REC3: [39.4814194125, -0.33546198027777774, 55.829]
REC4: [39.48142875972223, -0.3354669244444444, 55.883]
REC5: [39.481422076111116, -0.33547050444444443, 55.866]

3. ECEF Coordinates
-------------------
REC2: [4929475.968599619, -28861.70712972996, 4033747.6040112814]
REC3: [4929476.403318762, -28862.00041355398, 4033747.014466308]
REC4: [4929475.782667084, -28862.42216849202, 4033747.849792718]
REC5: [4929476.239552358, -28862.73286156111, 4033747.266244833]

4. Local Coordinates
-----------------------
Origin: barycenter
REC2: [-0.12993483617901802, 0.5085136043089733, 0.1703824964351952]
REC3: [0.3047843063250184, 0.2152297802895191, -0.419162476900965]
REC4: [-0.3158673718571663, -0.2065251577514573, 0.41616393299773335]
REC5: [0.14101790264248848, -0.5172182268433971, -0.1673839520663023]

5. E-frame to N-frame Rotation Matrix
---------------------------------------
[[-0.63581712  0.00372273  0.77183077]
 [ 0.00585493  0.99998286  0.        ]
 [-0.77181754  0.00451901 -0.63582802]]

6. N-frame Coordinates
-------------------------
[ 0.2160143   0.50774413 -0.00575   ]
[-0.51650833  0.21701058  0.03225   ]
[ 0.52127317 -0.208371   -0.02175   ]
[-0.22077914 -0.51638371 -0.00475   ]

7. E-N Euler Angles
-----------------------
Radians: [-3.1344854857624713, -0.8816946772515634, -3.1323844064696025]
Decimals: [-179.5927892792033, -50.517383825663856, -179.47240630329958]

8. Barycenter -----------> Practice 1.1
--------------
Radians: [0.6890808433043136, -0.005854960093401783]
Decimals: [39.481424064652785, -0.33546450256944443]
DMS: [[39, 28, 53.12663275002592], [0, 20, 7.672209249999895], 55.86125]
utm: (729171.0937436623, 4373592.48599715)
Height: 55.86125

9. B-N Rotation Matrix
-------------------------
[[-0.37883279 -0.92439079  0.04458009]
 [ 0.92485463 -0.3798928  -0.01803822]
 [ 0.03361002  0.03439663  0.99884295]]

10. B-N Euler Angles
------------------------
Radians: [-0.03442287330763213, 0.033616354156248626, -1.9595624988323679]
Decimals: [-1.9722853592408571, 1.9260752157701098, -112.27466087520399]

11. Platform Roll, Pitch, Yaw ------------> Practice 1.2
-------------------------------------
Roll: -1.9722853592408571
Pitch: 1.9260752157701098
Yaw: -112.27466087520399

12. Coords of sensors in e-frame ---------------> Practice 2.1 y 2.2
------------------------------------------
With calculated angles:
R_bn:
[[-0.37883279 -0.92439079  0.04458009]
 [ 0.92485463 -0.3798928  -0.01803822]
 [ 0.03361002  0.03439663  0.99884295]]

R_ne:
[[-0.63581712  0.00585493 -0.77181754]
 [ 0.00372273  0.99998286  0.00451901]
 [ 0.77183077  0.         -0.63582802]]

PLA:
  ecef: [4929476.0985344555, -28862.215643334268, 4033747.433628785]
  geodetic: [[39, 28, 53.12663275038403], [0, -20, -7.672209250022064], 55.861249974928796]
  utm: (729171.0937436614, 4373592.485997162)
  ortometric_height: 5.842249974928798
INS:
  ecef: [4929476.118111078, -28862.216496328332, 4033747.44915387]
  geodetic: [[39, 28, 53.1266175888544], [0, -20, -7.6722401447901944], 55.88623469416052]
  utm: (729171.0930192826, 4373592.485507822)
  ortometric_height: 5.867234694160523
REC2:
  ecef: [4929476.415119121, -28862.477093984256, 4033747.044215499]
  geodetic: [[39, 28, 53.110328700280434], [0, -20, -7.683071234685457], 55.85917721875012]
  utm: (729170.8490788252, 4373591.975593206)
  ortometric_height: 5.840177218750121
REC3:
  ecef: [4929475.934632, -28862.71769115542, 4033747.6368748676]
  geodetic: [[39, 28, 53.13503776625453], [0, -20, -7.693255946245543], 55.866245524957776]
  utm: (729170.5831764691, 4373592.7302788915)
  ortometric_height: 5.847245524957778
REC4:
  ecef: [4929476.285928858, -28861.714619105995, 4033747.249012804]
  geodetic: [[39, 28, 53.11820953958318], [0, -20, -7.651199628993979], 55.88623613771051]
  utm: (729171.6034415987, 4373592.24112822)
  ortometric_height: 5.867236137710513
REC5:
  ecef: [4929475.805441737, -28861.955216277154, 4033747.841672173]
  geodetic: [[39, 28, 53.14291860624792], [0, -20, -7.661384337732855], 55.893304445780814]
  utm: (729171.3375392406, 4373592.995813906)
  ortometric_height: 5.874304445780815
CAM1:
  ecef: [4929476.3643124625, -28862.84042646416, 4033747.192987783]
  geodetic: [[39, 28, 53.115055548108785], [0, -20, -7.698286134979142], 55.91619925387204]
  utm: (729170.4812149197, 4373592.110584575)
  ortometric_height: 5.897199253872039
CAM2:
  ecef: [4929476.184129791, -28862.93065040335, 4033747.4152350463]
  geodetic: [[39, 28, 53.124321447644434], [0, -20, -7.702105402174553], 55.918849867768586]
  utm: (729170.3815015374, 4373592.393591704)
  ortometric_height: 5.899849867768587


With input angles:
R_bn:
[[-0.35127369 -0.93588851  0.02682327]
 [ 0.93604259 -0.35167846 -0.01210509]
 [ 0.02076218  0.02085553  0.9995669 ]]

R_ne:
[[-0.63581712  0.00372273  0.77183077]
 [ 0.00585493  0.99998286  0.        ]
 [-0.77181754  0.00451901 -0.63582802]]

PLA:
  ecef: [4929476.0985344555, -28862.215643334268, 4033747.433628785]
  geodetic: [[39, 28, 53.12663275038403], [0, -20, -7.672209250022064], 55.861249974928796]
  utm: (729171.0937436614, 4373592.485997162)
  ortometric_height: 5.842249974928798
INS:
  ecef: [4929476.118111078, -28862.216496328332, 4033747.44915387]
  geodetic: [[39, 28, 53.1266175888544], [0, -20, -7.6722401447901944], 55.88623469416052]
  utm: (729171.0930192826, 4373592.485507822)
  ortometric_height: 5.867234694160523
REC2:
  ecef: [4929476.415119121, -28862.477093984256, 4033747.044215499]
  geodetic: [[39, 28, 53.110328700280434], [0, -20, -7.683071234685457], 55.85917721875012]
  utm: (729170.8490788252, 4373591.975593206)
  ortometric_height: 5.840177218750121
REC3:
  ecef: [4929475.934632, -28862.71769115542, 4033747.6368748676]
  geodetic: [[39, 28, 53.13503776625453], [0, -20, -7.693255946245543], 55.866245524957776]
  utm: (729170.5831764691, 4373592.7302788915)
  ortometric_height: 5.847245524957778
REC4:
  ecef: [4929476.285928858, -28861.714619105995, 4033747.249012804]
  geodetic: [[39, 28, 53.11820953958318], [0, -20, -7.651199628993979], 55.88623613771051]
  utm: (729171.6034415987, 4373592.24112822)
  ortometric_height: 5.867236137710513
REC5:
  ecef: [4929475.805441737, -28861.955216277154, 4033747.841672173]
  geodetic: [[39, 28, 53.14291860624792], [0, -20, -7.661384337732855], 55.893304445780814]
  utm: (729171.3375392406, 4373592.995813906)
  ortometric_height: 5.874304445780815
CAM1:
  ecef: [4929476.3643124625, -28862.84042646416, 4033747.192987783]
  geodetic: [[39, 28, 53.115055548108785], [0, -20, -7.698286134979142], 55.91619925387204]
  utm: (729170.4812149197, 4373592.110584575)
  ortometric_height: 5.897199253872039
CAM2:
  ecef: [4929476.184129791, -28862.93065040335, 4033747.4152350463]
  geodetic: [[39, 28, 53.124321447644434], [0, -20, -7.702105402174553], 55.918849867768586]
  utm: (729170.3815015374, 4373592.393591704)
  ortometric_height: 5.899849867768587



****************************************************
